411,"site:x.com ""Round Rock"" ""@gmail.com"""
